10
1 1 4 7 1 5 3 3 5 10
1 7 10 6 9 1 2 10 3 3
54
EOF
10
4 10 5 3 4 6 3 3 1 2
10 1 8 8 3 7 9 7 6 7
66
EOF
10
1 10 9 6 2 7 3 4 3 1
3 6 4 3 6 8 5 8 1 5
58
EOF
10
9 6 1 4 10 6 8 1 2 4
3 1 2 8 10 9 3 5 5 5
67
EOF
10
8 8 1 3 3 8 3 3 8 2
10 7 7 5 10 5 3 9 6 2
81
EOF
10
9 1 2 7 10 4 4 5 1 4
7 10 10 10 4 7 5 2 5 6
94
EOF
10
3 1 7 5 4 6 1 2 6 1
4 8 3 1 3 6 8 5 2 3
72
EOF
10
9 6 4 6 6 3 3 10 6 6
5 3 6 9 1 7 7 2 10 5
52
EOF
10
3 3 3 5 3 8 4 5 3 1
5 3 5 5 10 7 8 10 10 3
92
EOF
10
4 2 9 5 4 5 9 6 10 4
3 10 10 10 8 4 7 6 9 1
60
EOF
